229 73
15 113
65 167
64 202
6 74
101 156
21 169
22 126
44 45
43 63
103 121
110 143
162 169
69 176
55 155
197 205
60 155
18 183
21 194
52 146
21 116
43 209
84 200
53 86
42 106
67 116
85 89
15 75
52 72
20 116
9 188
45 184
4 36
27 83
21 197
40 173
127 174
178 215
103 187
24 71
97 201
34 102
3 119
144 180
56 176
89 132
16 105
25 49
137 189
133 150
17 32
47 95
37 93
84 229
82 177
94 169
11 87
207 221
93 142
61 99
86 140
20 104
119 188
147 183
52 127
114 152
9 23
136 160
16 52
1 145
42 86
122 131
90 95
57 67
