194 475
26 33
145 162
12 114
21 38
17 109
60 176
12 168
130 169
134 180
10 102
98 153
39 148
59 91
39 40
5 161
10 36
115 162
37 170
116 191
90 94
69 138
2 65
101 152
13 137
19 71
107 152
132 149
57 70
44 179
88 173
122 143
80 183
11 103
103 133
56 191
103 146
18 111
14 178
88 159
100 136
87 96
56 134
171 176
73 96
2 151
124 131
22 172
75 126
66 111
67 100
79 101
66 177
38 129
6 7
84 141
93 169
74 154
107 169
30 51
18 191
13 52
8 109
34 50
37 194
133 162
121 123
81 136
181 181
93 146
46 194
176 184
105 151
142 171
12 169
89 184
23 60
33 91
14 41
28 142
45 144
4 113
118 177
30 155
55 57
56 85
67 113
61 170
66 141
12 32
49 88
21 137
134 144
49 146
3 7
125 152
10 170
65 136
39 55
6 80
8 16
58 78
50 52
12 74
71 173
72 155
55 100
111 168
26 176
25 35
88 118
49 64
118 181
79 81
12 56
34 43
90 91
125 170
41 106
53 70
98 147
86 180
61 165
99 147
117 171
18 25
90 171
24 89
150 192
5 154
116 186
15 87
37 166
56 192
55 150
87 144
101 138
49 67
136 166
47 111
101 177
106 112
22 93
83 153
75 108
26 192
11 189
93 97
31 141
31 67
36 64
97 125
98 167
94 120
57 85
68 94
92 124
18 58
33 159
35 176
38 84
18 151
76 191
94 185
55 79
124 174
122 134
44 143
26 179
11 167
48 190
10 72
82 98
41 103
137 182
15 115
12 176
125 184
7 80
43 149
81 81
104 133
52 135
35 48
11 29
7 170
1 28
58 177
54 141
29 156
106 107
75 140
18 56
112 135
114 151
67 103
65 124
3 14
33 67
35 40
115 155
90 114
72 162
34 139
19 41
105 109
82 92
19 23
71 133
48 68
11 92
26 49
144 149
154 170
45 113
137 153
19 118
136 155
2 64
96 129
6 113
36 186
69 95
124 181
152 178
65 183
24 166
80 106
108 147
30 161
71 179
43 170
74 141
134 138
1 154
7 9
38 123
17 73
18 166
159 186
33 79
50 142
54 72
116 189
110 177
78 164
23 163
123 182
41 176
139 154
66 87
119 129
50 157
37 130
100 167
106 154
44 173
116 184
61 138
24 84
6 145
87 134
1 138
57 145
101 157
94 179
78 109
191 191
57 107
58 186
40 74
71 83
39 118
125 165
80 157
110 136
32 147
57 78
87 186
16 190
1 88
8 80
71 158
123 193
42 43
49 78
37 79
89 173
65 72
100 141
172 194
62 134
124 136
112 164
38 49
130 147
63 107
25 102
42 146
45 136
69 75
42 78
138 170
74 152
13 128
65 139
50 156
9 33
96 182
145 162
113 126
4 100
122 143
62 86
139 167
12 179
39 40
97 124
98 147
37 74
108 146
123 153
131 193
22 185
86 158
12 89
13 107
6 158
15 186
1 132
61 105
39 175
15 66
11 134
17 28
13 97
152 156
53 70
67 138
145 191
66 121
47 124
14 73
57 176
11 58
32 110
45 115
30 133
105 124
80 182
60 96
4 131
142 158
51 190
105 114
127 164
136 155
76 118
43 51
18 190
25 84
30 180
70 86
17 101
103 137
36 73
89 120
7 133
58 169
71 82
56 120
62 175
24 100
120 154
24 138
48 55
6 96
89 148
23 187
1 83
124 180
38 57
42 48
38 173
99 145
71 149
16 41
118 171
10 110
48 98
44 147
176 185
144 161
28 71
90 179
79 102
10 101
18 134
63 119
26 163
6 90
64 68
40 58
50 66
36 107
158 171
75 116
46 175
17 103
116 182
95 138
26 123
164 189
140 183
164 178
23 180
4 130
37 162
10 62
179 180
23 35
82 149
59 105
24 124
46 77
124 188
82 93
112 187
115 156
33 48
22 143
17 157
131 159
85 180
35 143
17 129
25 53
20 44
45 56
47 93
67 69
49 115
77 83
24 119
157 159
108 166
84 147
18 187
131 191
71 95
12 43
22 163
66 89
107 150
10 154
4 84
54 190
40 146
17 20
162 191
40 146
134 168
15 58
21 131
77 111
46 146
112 139
97 155
161 177
44 141
160 167
42 44
166 187
161 187
13 149
53 118
