118
223 701 179 169 964 621 29 115 315 29 915 402 312 504 381 964 395 925 100 932 597 400 440 531 731 954 727 943 119 518 193 585 31 789 51 706 412 560 729 423 176 420 498 900 156 525 711 243 87 728 167 765 408 139 989 644 898 796 165 295 551 840 127 146 905 938 344 640 482 910 780 859 663 529 266 938 353 515 130 379 583 921 714 717 530 532 579 526 613 930 557 715 301 780 659 991 688 324 78 26 112 795 100 561 465 731 459 12 261 228 548 837 616 555 626 442 217 837 
531
39 102
6 22
54 92
83 101
86 104
37 85
14 35
2 43
0 39
17 72
68 100
60 96
95 101
65 78
99 111
110 114
40 54
29 92
35 69
32 103
71 117
41 49
36 53
41 48
31 75
80 97
27 86
11 37
8 96
7 69
52 91
46 104
101 113
41 57
25 64
0 83
25 70
18 114
25 71
63 71
89 100
5 20
22 57
18 75
16 96
102 114
2 10
71 109
68 100
3 25
43 114
59 101
100 107
30 112
100 104
20 50
85 109
41 59
28 105
39 55
66 93
1 62
4 72
38 104
8 20
72 72
25 95
15 43
12 23
3 100
20 66
3 30
16 16
35 109
40 82
4 88
59 108
36 58
48 67
45 71
7 64
59 62
28 45
11 66
15 104
43 43
18 83
20 89
30 112
92 104
1 112
10 95
62 101
30 111
29 36
42 49
15 26
44 75
12 41
4 94
1 110
3 16
36 111
3 51
88 102
19 65
98 110
42 47
10 45
71 117
6 55
23 116
47 100
59 98
55 113
18 56
45 60
9 44
57 116
2 83
8 8
38 55
55 83
4 86
3 80
37 89
39 67
6 28
11 15
14 98
24 61
59 74
13 58
62 113
12 66
63 71
53 116
34 75
31 97
22 35
114 115
81 116
42 77
22 67
18 86
94 101
29 86
7 84
44 71
2 17
24 65
2 62
37 112
41 48
32 97
7 107
78 117
51 117
8 54
2 45
88 102
4 101
75 83
50 52
70 109
91 100
79 111
28 115
84 112
85 92
48 62
36 61
16 83
33 100
30 115
66 91
104 108
21 36
80 91
49 53
90 93
14 59
30 115
46 106
40 59
56 84
0 113
31 87
12 15
20 88
12 87
24 34
83 88
83 99
60 90
32 102
10 34
7 88
88 116
87 105
72 72
28 87
16 76
72 96
49 110
46 69
29 39
27 104
33 111
5 23
38 108
38 47
8 80
65 90
80 89
90 92
15 41
42 76
1 46
14 30
45 53
38 114
44 81
39 109
29 97
26 48
102 109
15 61
78 114
5 28
57 83
47 102
56 62
22 111
59 84
66 71
3 93
6 100
10 60
88 113
0 8
10 76
25 77
67 73
116 116
13 20
101 116
62 65
30 58
10 86
0 38
68 68
3 77
37 77
81 104
29 117
3 65
4 22
24 67
108 113
8 52
34 89
32 83
50 68
1 83
65 97
2 74
45 106
48 111
83 101
27 69
62 92
71 95
54 104
64 67
30 102
88 114
17 44
30 115
1 113
9 47
4 108
66 115
11 103
54 66
107 113
50 58
3 36
28 82
13 36
67 86
93 103
40 116
24 27
6 27
7 13
8 95
22 95
48 109
2 30
17 102
81 110
49 112
58 105
75 102
80 94
15 83
33 59
6 58
87 109
40 43
18 49
9 54
93 98
1 79
3 65
25 60
5 38
66 89
30 77
54 59
78 93
40 104
23 44
6 44
37 81
25 98
21 90
15 41
28 100
7 93
65 109
20 42
54 87
4 97
31 92
54 82
47 107
22 47
46 98
107 108
40 46
63 92
2 89
18 40
56 82
87 87
17 30
44 94
34 58
61 106
83 92
14 117
15 50
95 112
3 44
42 66
28 28
31 90
9 22
42 42
40 46
26 59
35 56
32 95
58 110
3 55
33 85
92 116
30 78
3 78
34 81
86 100
39 45
2 64
40 77
44 93
41 76
46 73
47 111
52 59
92 111
42 59
31 54
102 109
0 95
37 83
46 84
25 33
1 114
42 57
32 32
40 84
9 95
37 79
3 104
109 110
1 42
10 17
4 34
42 102
38 97
19 40
98 108
21 48
64 106
28 29
53 74
5 14
57 117
40 65
7 33
83 92
20 107
107 111
50 52
5 34
96 101
36 116
99 106
65 66
76 84
68 94
23 24
20 108
92 100
94 99
82 97
10 93
30 93
15 114
75 99
66 102
85 110
3 71
58 99
10 14
3 57
44 113
39 99
57 70
4 84
13 98
24 115
3 80
57 113
25 37
2 53
13 67
30 46
84 110
78 117
73 102
10 24
11 81
65 106
0 32
8 72
66 110
31 111
58 78
30 59
44 107
8 97
16 79
28 113
77 108
76 81
20 48
33 59
108 110
21 82
35 106
55 108
9 59
6 53
25 100
104 112
1 111
96 100
25 67
66 95
20 36
12 88
50 52
93 99
23 35
23 92
105 111
8 115
15 33
73 96
77 105
50 113
97 109
37 111
89 102
23 56
59 72
28 115
17 68
75 100
17 92
112 113
74 116
37 63
66 98
26 64
13 93
54 100
60 90
36 61
39 103
53 88
87 88
36 41
44 47
72 89
25 46
32 106
9 39
31 69
71 90
7 41
16 110
76 98
0 106
92 111
11 51
12 80
34 45
