64
86 94 73 73 15 100 18 14 4 72 49 24 35 37 79 28 57 21 83 89 84 13 26 57 69 70 16 14 1 24 73 3 4 68 54 26 33 56 43 84 79 79 5 35 60 67 2 57 3 5 71 24 22 19 97 33 26 76 93 51 16 79 28 58 
56
53 53
15 19
11 18
41 52
35 49
28 35
4 45
7 46
2 7
38 63
43 51
4 25
10 26
9 58
12 63
20 25
1 40
40 60
43 55
59 63
9 25
38 57
21 46
15 28
47 49
38 60
45 60
21 45
32 44
14 24
1 22
44 46
1 37
23 57
43 51
10 56
60 63
37 39
25 41
5 5
52 57
12 18
20 22
60 61
31 34
24 34
4 25
25 31
23 45
3 61
15 19
10 27
19 33
9 20
33 37
11 55
