85
86 19 53 16 84 32 58 89 90 45 50 6 14 98 94 15 44 94 19 51 97 46 3 43 74 67 56 15 12 21 57 92 5 57 6 69 86 52 59 85 54 64 72 96 48 57 34 92 27 67 83 1 7 76 20 11 73 72 2 76 67 32 53 20 21 10 86 54 2 18 70 76 15 64 23 87 16 45 24 46 91 17 6 93 89 
95
23 44
1 76
61 71
17 31
21 30
30 43
4 57
2 40
2 32
6 38
14 23
50 59
55 60
37 37
43 47
44 82
24 71
21 66
22 73
60 67
73 84
45 45
19 32
7 34
22 43
28 39
72 81
23 35
24 50
1 16
2 49
17 35
1 11
3 77
31 42
42 45
5 50
49 60
17 57
36 81
35 52
32 56
41 73
20 20
35 70
18 67
71 74
37 61
40 40
42 43
21 80
7 80
5 38
6 31
70 79
57 66
2 44
12 83
7 41
27 50
8 74
25 61
11 40
4 19
27 77
30 40
24 63
0 72
50 70
7 40
41 56
30 33
8 52
52 67
14 52
71 77
32 71
35 72
14 17
57 75
33 74
8 52
4 11
1 23
16 83
11 83
17 57
20 44
20 76
47 66
16 37
24 60
13 37
47 62
30 56
