469
127 72 514 247 354 813 118 889 881 890 348 840 18 595 448 263 292 339 816 752 2 25 223 493 788 908 16 172 9 368 646 295 809 1 561 88 251 36 923 948 354 904 381 740 588 517 956 179 529 956 37 103 94 404 206 717 408 615 491 123 477 938 253 68 875 393 135 926 951 412 207 708 454 415 509 26 601 422 329 456 572 518 442 980 400 32 986 898 409 908 990 474 715 104 579 920 211 552 11 107 421 992 598 896 547 727 680 895 874 847 166 210 273 345 422 95 71 296 294 373 472 475 112 464 516 307 848 876 637 871 301 368 74 706 457 825 359 258 78 763 174 700 739 697 133 710 913 880 361 782 681 783 308 185 789 544 865 285 353 520 25 384 91 572 554 160 29 622 312 788 26 151 120 873 224 505 929 604 609 869 842 852 413 90 400 968 310 912 600 261 853 611 103 427 934 383 665 350 973 49 978 791 347 848 345 320 416 41 908 45 74 383 415 130 607 860 92 260 671 706 848 326 770 577 448 910 639 191 628 810 817 241 255 758 612 362 558 675 116 314 250 957 885 279 964 64 652 378 123 957 620 524 548 724 911 767 890 994 978 796 143 797 177 629 170 733 973 763 414 303 966 755 524 298 925 539 432 698 875 56 600 428 302 24 593 542 753 275 426 293 134 960 951 145 295 87 613 222 346 747 653 264 444 277 352 793 62 172 697 820 367 596 437 546 150 465 434 113 861 648 823 274 366 64 821 599 127 624 976 247 496 662 639 454 583 78 269 110 993 313 450 974 805 897 457 862 873 830 483 147 215 389 676 71 944 851 796 537 909 400 818 255 39 772 860 174 224 687 963 728 754 793 328 384 675 237 416 587 231 825 150 230 125 803 525 399 233 556 862 186 80 838 115 433 3 611 870 472 134 347 170 65 313 777 470 315 982 31 931 993 519 172 134 965 745 652 325 733 13 131 43 58 579 576 791 602 233 859 153 805 47 947 986 429 325 436 307 339 267 341 650 790 902 744 744 567 11 697 822 159 251 579 841 552 474 731 306 199 605 461 207 887 546 133 714 173 275 405 142 
114
42 170
139 391
81 427
248 322
340 387
43 301
181 251
62 448
201 422
200 345
4 454
21 108
350 409
290 399
90 350
127 459
273 448
173 281
24 218
294 343
328 353
270 352
143 433
68 432
158 308
163 293
211 308
65 450
73 247
194 356
270 319
180 200
119 155
266 404
217 394
236 451
311 372
171 253
268 292
109 313
150 301
202 260
125 318
233 352
83 210
142 221
47 324
36 395
136 257
365 388
64 204
314 456
342 361
160 316
7 429
0 265
49 370
101 439
168 393
145 415
69 117
5 328
443 464
14 141
64 283
162 458
177 224
336 403
8 44
165 227
425 454
84 143
45 79
111 399
3 13
238 284
212 236
290 327
30 374
86 225
101 437
360 423
181 408
82 446
340 392
79 293
276 296
41 299
91 445
360 402
238 434
256 365
158 181
25 405
219 317
398 455
101 236
142 462
198 220
174 443
43 237
86 133
120 450
319 463
206 372
15 32
97 133
301 427
281 317
30 253
297 331
31 160
205 427
71 149
