83
978 924 183 460 251 901 227 441 5 123 31 530 102 569 807 270 750 19 40 711 693 796 890 319 7 106 925 157 32 268 4 319 696 327 180 752 255 900 918 235 404 396 406 63 431 326 844 920 596 311 696 872 335 93 186 318 153 381 297 273 162 389 654 376 934 347 304 735 817 361 522 978 186 498 490 858 673 978 373 392 760 776 150 
367
3 47
7 14
5 31
19 43
3 17
9 10
59 79
19 39
2 81
23 69
34 71
23 54
28 61
18 54
35 45
12 45
6 16
7 79
20 70
35 56
47 54
24 62
3 47
1 70
21 47
4 50
33 43
2 29
56 67
37 63
33 35
67 80
6 59
0 81
45 79
35 53
19 74
48 71
19 80
6 41
35 73
2 30
4 38
1 72
0 31
72 74
7 77
42 53
29 69
1 68
27 79
8 24
1 65
37 38
30 58
35 36
73 76
42 42
12 40
62 72
42 45
14 70
29 39
74 81
45 81
31 42
14 47
17 46
61 77
42 68
53 62
43 60
5 77
22 38
13 43
50 57
53 55
26 69
70 70
28 72
35 68
66 67
1 81
19 61
0 0
9 28
18 68
33 69
4 77
9 10
10 75
29 38
12 68
66 72
57 60
61 61
73 78
16 60
64 73
12 29
15 72
11 77
14 46
23 42
25 74
16 75
7 31
28 56
3 61
47 72
14 20
40 49
10 81
32 36
23 77
68 82
15 19
73 80
19 19
21 27
13 70
3 25
2 5
13 54
27 43
52 68
30 49
4 61
28 43
42 79
17 36
46 68
15 33
48 79
40 51
31 66
4 13
31 34
37 47
26 29
47 48
1 6
68 69
26 38
12 23
41 75
39 39
9 79
6 64
10 14
30 50
19 23
6 57
15 51
46 68
29 71
30 44
27 39
66 79
44 82
53 81
29 68
14 31
4 66
19 22
20 81
41 62
46 81
14 41
45 54
38 46
4 12
25 29
52 59
15 25
30 40
0 4
11 44
3 68
27 79
34 50
70 70
40 57
2 35
8 76
62 75
41 42
38 55
4 75
19 46
59 70
27 44
16 60
58 79
1 47
2 10
12 25
33 75
0 25
25 49
37 57
38 58
49 75
14 68
64 79
13 43
24 48
8 29
62 67
6 32
7 11
10 73
19 82
65 75
16 36
23 80
39 60
26 66
33 68
55 61
11 48
13 81
0 18
32 66
55 80
8 81
20 24
12 68
3 19
12 76
27 58
6 29
25 79
2 39
34 38
49 50
23 33
3 54
7 12
4 27
51 53
7 45
17 80
49 57
18 72
4 68
31 31
9 64
3 23
42 44
3 42
11 77
25 27
30 62
20 49
28 77
1 25
48 57
33 64
26 38
7 46
2 36
11 33
1 24
12 43
64 78
39 43
56 74
6 61
15 78
2 2
32 48
7 12
38 68
27 65
45 81
13 44
44 79
20 78
40 42
17 45
19 62
1 66
5 76
18 55
36 41
36 78
73 81
8 37
32 71
52 76
10 64
4 70
28 78
22 30
37 59
46 73
3 69
49 70
4 41
56 81
38 82
6 64
0 74
3 24
42 68
10 34
52 82
11 14
11 27
50 60
57 82
39 39
27 52
14 80
4 10
13 41
37 51
12 55
43 57
72 78
10 46
62 80
65 65
32 38
15 20
6 16
36 67
4 46
8 51
21 41
12 70
6 57
24 75
7 58
6 79
2 79
3 42
4 28
23 72
6 44
49 65
57 69
18 53
49 49
20 62
21 62
4 39
3 5
22 25
15 68
11 73
12 76
4 38
27 31
1 81
36 53
34 44
30 78
27 75
55 71
14 45
64 81
73 78
8 62
9 58
33 48
