890
227 350 841 390 523 445 458 364 67 563 196 375 144 556 663 950 479 212 652 367 215 858 400 232 940 205 556 973 720 718 830 184 963 490 813 731 757 832 739 202 429 142 95 901 176 907 288 114 953 665 849 580 279 761 676 442 702 264 200 348 181 938 678 530 787 677 712 316 750 12 503 966 552 363 304 274 209 403 395 860 854 405 651 237 691 53 257 310 362 825 712 342 67 66 336 774 281 219 149 316 818 958 435 660 974 964 871 130 939 733 565 798 504 956 22 521 621 906 883 153 496 257 489 649 126 705 791 894 876 756 102 967 336 360 273 616 848 977 840 239 726 620 263 604 856 983 656 238 85 404 681 68 618 900 811 411 851 353 790 242 896 176 754 286 895 173 914 779 620 466 267 593 687 758 347 508 406 532 803 377 199 727 89 537 555 162 24 134 566 46 463 169 907 8 889 568 404 93 488 487 569 304 594 983 790 999 221 48 805 410 421 564 751 175 946 343 929 249 546 770 158 17 98 584 118 238 338 212 237 132 556 876 207 729 38 936 956 607 129 413 968 875 462 521 823 151 329 831 822 489 534 654 245 30 811 82 789 587 726 112 527 824 717 122 545 248 106 974 755 313 600 61 645 49 69 542 250 54 678 337 836 443 752 536 442 786 301 115 876 979 874 678 753 839 469 406 285 843 580 612 31 860 248 477 390 256 917 926 744 344 472 620 518 433 654 536 567 453 409 164 740 379 492 577 813 851 71 423 93 367 468 646 904 234 889 193 149 208 187 459 346 192 149 924 230 215 710 288 760 839 263 874 109 192 198 628 904 430 660 795 124 6 674 735 467 415 737 225 931 853 769 743 483 711 758 161 912 765 333 803 665 274 591 6 218 545 842 256 481 491 913 553 143 989 158 951 213 321 856 347 502 518 332 413 107 970 245 857 453 943 785 565 147 203 995 342 188 767 738 863 623 499 245 121 824 749 192 385 368 164 803 562 285 36 147 442 546 5 695 83 58 860 606 768 394 598 949 821 61 935 249 162 679 564 875 317 885 761 14 441 336 617 852 236 801 39 342 647 370 37 20 434 460 515 286 6 205 179 211 528 44 153 628 711 848 83 780 569 954 439 322 372 965 796 678 504 148 377 731 392 92 370 369 337 134 491 628 191 98 665 576 936 810 40 672 504 631 889 551 588 763 970 903 621 747 528 927 722 122 181 440 899 449 61 407 661 516 165 713 806 381 261 624 305 997 932 322 780 435 670 672 191 231 939 594 627 606 561 273 378 949 393 308 977 665 547 82 998 739 424 865 178 411 57 220 595 826 56 771 127 540 854 187 126 676 959 856 648 850 404 502 581 64 7 122 185 890 304 169 10 458 910 548 374 427 241 667 5 333 883 952 959 677 434 762 498 114 710 499 107 441 732 325 244 294 465 776 95 997 599 990 80 36 771 996 285 987 410 588 888 870 963 600 986 400 968 403 877 668 256 661 945 829 222 124 185 169 57 302 921 444 571 517 412 461 264 7 272 392 39 763 80 537 368 711 465 563 236 456 68 728 989 553 195 813 648 450 531 34 768 631 651 352 906 369 607 731 350 545 428 306 299 100 636 882 470 538 510 709 472 336 665 218 833 777 436 210 304 518 911 19 195 126 724 129 655 367 470 949 593 771 954 845 987 786 902 925 319 433 941 83 735 525 430 108 233 552 42 997 272 608 423 453 143 986 131 424 531 74 614 500 415 229 433 96 222 95 841 579 585 286 230 997 131 979 671 982 585 949 366 23 680 360 308 723 752 650 502 91 321 358 115 849 970 587 420 13 95 497 999 546 905 419 3 819 989 861 975 190 122 573 435 348 741 608 83 87 921 278 76 68 770 513 492 149 820 964 957 989 115 252 166 945 740 897 125 193 6 225 875 68 193 129 93 344 768 564 32 442 308 958 915 813 885 659 611 406 205 757 927 218 857 71 202 656 660 252 287 478 233 863 450 36 594 930 48 296 318 615 896 69 41 365 760 179 736 965 465 642 871 
742
643 708
393 706
256 409
25 837
666 675
727 777
94 733
147 174
108 381
503 615
117 730
51 874
18 635
205 508
1 161
235 354
201 849
449 772
138 853
240 461
213 483
224 809
527 598
73 105
291 412
85 696
114 746
364 796
728 866
209 775
75 576
467 567
269 301
370 384
374 567
64 334
268 561
535 633
101 780
218 312
178 182
160 679
98 185
306 534
489 599
408 524
112 808
427 604
499 869
533 753
137 524
219 231
252 501
610 839
220 537
768 817
67 287
36 51
89 773
150 751
319 794
119 601
305 446
80 93
376 800
485 844
210 267
385 399
351 746
282 289
460 723
535 542
331 693
63 690
313 470
137 806
214 537
159 206
728 746
288 706
44 207
120 298
125 137
369 538
21 766
532 781
395 549
56 780
71 135
411 837
745 751
103 620
516 583
564 651
245 508
44 795
81 423
710 857
30 547
221 283
307 717
101 497
322 877
25 659
536 865
167 262
313 614
485 790
518 826
506 537
546 766
144 249
297 655
213 353
453 801
761 857
615 826
641 710
578 812
155 738
121 654
234 694
174 799
517 598
727 727
224 225
559 566
136 807
22 609
27 558
474 550
337 598
132 556
426 673
449 579
639 841
380 448
324 805
22 821
109 755
398 696
314 490
426 713
50 424
63 514
354 383
342 701
114 722
654 693
104 588
128 194
148 423
504 669
395 831
256 346
257 758
67 880
156 635
292 603
145 836
345 717
219 724
420 832
500 843
241 807
39 739
77 217
6 720
56 385
303 607
190 559
224 753
276 706
421 881
492 780
140 672
92 492
47 297
153 805
76 883
599 773
96 203
129 798
195 557
172 778
112 407
234 546
591 823
816 887
445 771
258 531
63 745
691 810
216 488
454 837
145 324
454 797
109 226
132 490
297 791
96 625
335 562
153 768
210 266
248 639
624 649
4 588
499 607
684 807
614 737
129 598
260 316
384 724
229 555
273 390
599 880
145 298
393 636
105 177
208 766
90 545
121 434
250 838
335 357
470 879
469 526
347 454
21 278
255 300
612 861
421 644
239 538
366 652
90 807
710 739
149 669
661 789
178 307
666 690
90 386
223 673
199 204
66 390
50 320
225 251
555 563
513 635
6 550
47 264
608 608
63 414
127 530
132 801
776 781
20 687
38 377
386 541
518 864
249 498
710 789
28 539
102 667
169 663
437 618
37 639
266 466
59 858
47 125
118 645
140 811
225 574
292 657
171 624
376 536
45 317
453 876
363 747
108 817
281 868
546 730
675 879
346 613
566 792
397 731
323 544
170 285
376 819
463 504
291 656
148 338
238 500
668 792
192 328
171 775
177 477
201 308
250 400
423 469
118 311
21 873
220 235
748 812
130 461
520 586
204 529
234 349
422 821
209 753
48 224
79 548
7 116
154 655
160 336
525 613
351 464
492 655
184 246
466 563
101 663
172 332
165 274
54 244
256 654
566 739
210 521
660 859
176 726
45 281
11 859
32 234
450 581
473 861
25 541
19 703
271 491
632 843
585 694
492 786
855 855
354 711
476 810
202 817
180 614
266 429
335 833
53 344
499 740
307 615
230 792
300 546
26 657
154 486
341 822
437 494
28 723
561 596
455 612
134 350
692 863
473 550
684 759
352 684
512 813
109 409
315 594
68 584
547 695
472 572
645 717
127 565
97 254
77 307
178 836
2 602
277 297
595 693
326 799
336 399
530 863
352 825
370 658
548 627
36 346
150 610
148 430
304 700
399 400
649 751
64 609
8 696
298 860
137 578
235 717
10 40
442 482
148 514
333 671
17 220
519 815
255 633
281 366
135 413
69 289
153 736
269 397
370 450
638 722
297 697
33 690
758 817
247 498
595 607
505 673
780 812
148 794
477 547
139 466
235 510
281 583
80 553
730 738
409 453
23 52
495 864
445 503
376 799
348 864
235 254
36 857
282 826
32 454
24 548
591 724
523 601
6 606
196 233
272 320
59 842
872 876
243 464
340 528
865 884
97 286
265 549
501 610
138 190
669 789
564 579
780 847
322 719
434 472
281 749
243 697
350 693
143 230
151 699
54 673
791 791
303 613
80 224
596 703
54 312
95 243
195 672
777 811
98 100
567 613
75 292
191 887
136 371
255 402
71 854
0 501
74 565
39 359
281 837
536 785
319 332
149 858
464 884
308 823
120 712
18 503
88 706
646 882
222 230
183 425
348 533
189 334
649 784
143 844
217 279
425 510
1 61
658 864
546 556
17 374
615 631
191 670
255 532
269 314
206 714
178 886
112 856
72 506
374 452
541 732
401 599
386 688
116 202
202 512
284 688
164 813
127 213
300 649
353 882
37 727
428 844
433 586
166 819
396 515
132 550
3 504
355 448
608 674
261 618
667 818
264 759
560 743
36 645
34 264
8 31
400 851
313 458
26 865
305 846
2 857
138 732
261 693
347 834
265 878
740 856
241 417
311 435
299 660
311 367
349 857
553 859
398 712
350 802
770 831
174 487
20 858
463 725
384 577
117 468
76 813
10 434
200 791
546 716
610 695
470 785
223 679
225 513
590 604
44 257
417 837
398 767
239 314
21 888
489 709
227 533
116 399
443 743
527 727
360 816
155 368
31 87
683 768
199 682
320 848
57 163
331 438
105 521
339 450
751 762
48 238
173 469
140 293
522 691
235 871
109 849
87 544
443 571
160 757
231 420
535 600
152 235
250 839
99 249
52 198
287 574
485 865
85 251
152 409
21 297
243 427
460 562
37 102
96 376
6 457
329 535
46 643
545 811
559 651
598 664
808 812
684 842
460 680
60 834
660 773
595 779
213 478
340 845
27 786
333 473
463 469
208 303
775 851
300 445
125 643
151 530
100 247
163 554
243 251
16 285
504 582
670 735
226 619
537 622
103 651
141 774
151 159
498 570
135 660
277 560
389 617
649 760
361 825
315 804
372 653
642 746
314 831
717 849
52 887
19 858
29 139
47 127
278 510
358 379
215 673
431 480
26 246
71 343
562 630
80 540
48 188
227 556
404 827
227 378
77 476
183 578
18 569
91 425
572 653
193 357
5 669
152 351
257 827
736 753
224 681
200 571
456 781
445 587
142 564
621 818
31 698
252 725
163 868
408 879
132 529
277 528
530 671
404 600
547 811
72 680
105 607
13 106
671 810
481 782
27 226
113 600
287 296
391 688
52 405
694 696
14 821
281 536
50 869
5 655
588 746
53 620
67 369
45 746
489 568
278 439
464 757
513 561
98 435
457 598
359 593
646 721
87 824
27 336
291 491
629 747
344 840
230 467
372 681
70 104
396 714
306 719
233 636
640 668
102 319
232 337
111 787
406 743
561 873
581 834
504 718
4 162
