504
725 849 510 603 67 533 567 916 191 796 879 712 228 530 22 957 937 245 876 973 906 629 420 58 512 756 465 958 743 618 188 208 497 463 432 395 408 696 734 489 479 281 120 224 666 716 176 855 20 373 508 349 520 450 656 43 800 30 6 498 866 389 79 838 846 631 528 478 616 961 818 236 284 446 285 106 281 959 86 443 395 663 359 977 434 616 418 918 311 201 958 352 184 923 821 559 308 95 437 671 965 53 91 934 43 24 665 71 100 304 380 641 560 932 324 158 419 195 707 26 963 445 858 439 415 637 851 259 800 346 538 131 746 247 268 359 272 672 995 772 94 449 377 542 789 263 367 908 450 701 583 258 256 161 963 989 724 869 395 841 261 155 294 762 789 966 602 217 688 271 761 319 163 446 527 608 724 131 50 147 986 624 873 384 678 507 147 380 112 687 752 345 90 964 310 358 779 451 145 328 865 293 92 720 773 334 640 386 599 869 221 567 524 852 74 312 36 477 796 793 247 360 650 471 349 339 353 324 545 582 382 417 528 239 322 750 339 346 20 126 231 938 827 800 827 209 545 682 837 177 810 976 945 685 862 194 604 2 460 303 783 842 77 686 697 356 626 448 845 653 356 461 157 530 263 191 364 154 331 289 660 551 52 897 910 635 784 224 274 750 132 490 719 86 683 305 282 159 638 424 185 473 333 277 631 996 840 664 540 7 91 87 23 142 539 603 342 562 343 155 567 351 674 17 690 117 818 838 622 545 567 753 865 303 289 701 69 391 81 772 159 455 947 844 412 568 268 358 827 418 844 60 535 606 34 695 74 241 43 627 328 193 313 926 107 262 981 15 243 505 975 945 253 27 29 679 125 766 950 455 224 68 137 906 680 858 248 56 874 263 782 912 495 242 732 511 324 338 357 798 939 722 580 386 218 642 538 643 252 243 727 376 136 48 593 802 430 672 986 704 539 244 140 602 944 945 400 618 727 972 758 325 151 225 695 93 372 645 98 460 977 142 193 137 494 952 339 688 436 668 934 335 218 23 711 943 722 567 71 408 324 790 958 187 408 381 622 475 620 319 407 130 144 498 234 896 304 972 739 359 858 763 486 570 579 121 492 530 27 588 859 165 903 662 412 208 379 126 239 720 677 505 711 146 
829
334 495
169 473
20 29
139 279
42 434
264 364
375 458
191 483
183 340
283 414
87 340
214 500
5 57
79 316
94 458
254 264
24 245
63 154
279 398
70 252
342 501
130 181
159 486
22 355
119 206
378 476
24 162
315 337
353 455
5 186
47 165
335 351
1 441
22 366
230 452
45 301
131 399
431 497
271 335
235 466
43 63
7 36
19 142
333 362
234 477
67 134
341 400
396 455
178 308
211 454
99 141
119 168
284 380
200 431
29 218
308 394
262 401
106 464
160 332
110 286
220 494
7 219
112 437
66 95
126 230
83 302
110 332
225 250
268 377
25 227
41 501
356 481
152 173
109 330
245 444
94 432
77 111
230 503
64 491
74 366
9 377
11 78
179 185
69 344
66 76
112 347
92 372
18 448
12 147
394 451
194 301
326 422
334 447
8 302
339 372
213 501
205 339
74 285
71 172
79 146
136 140
336 394
30 300
41 135
304 469
439 474
247 293
32 47
169 211
410 494
55 317
342 416
269 306
44 191
376 492
168 260
384 410
224 273
109 330
106 136
105 251
316 466
71 262
336 391
162 433
53 179
5 302
50 385
127 418
282 484
181 236
215 417
53 434
140 297
405 503
118 237
56 487
48 391
76 372
122 228
166 266
378 427
65 170
257 265
305 470
379 469
253 448
292 320
76 485
447 491
157 440
215 216
29 227
58 68
401 499
224 277
351 379
370 378
9 177
303 495
154 310
143 168
481 481
132 456
272 332
200 237
53 142
295 436
142 428
387 501
14 503
128 448
314 451
43 267
56 315
95 175
102 154
18 421
27 200
144 324
237 492
145 501
12 121
127 185
405 485
451 477
40 69
48 194
125 246
367 498
73 442
91 244
74 292
321 394
298 384
260 269
89 382
221 329
187 317
282 391
11 38
125 356
125 458
152 386
61 272
251 314
256 439
315 423
247 334
192 405
415 430
264 287
369 413
271 483
147 210
227 365
52 470
120 356
212 424
64 305
431 443
170 447
162 487
412 435
453 482
91 180
129 395
283 442
66 378
76 408
27 366
52 298
112 139
173 390
42 494
352 484
127 187
58 90
27 275
24 208
205 278
54 237
116 451
455 494
58 158
150 328
338 471
423 437
230 293
407 495
161 349
301 338
180 275
306 432
148 254
61 263
272 490
201 493
319 362
255 396
272 354
124 159
5 346
45 329
453 480
179 291
43 202
308 325
401 495
127 341
356 482
162 169
172 238
444 472
257 441
32 315
70 492
38 294
9 187
292 342
59 198
184 399
142 351
146 161
50 219
126 272
340 457
142 405
66 354
45 311
213 397
17 96
101 417
0 180
65 299
171 375
159 299
135 219
3 174
106 138
350 418
175 194
321 447
393 417
163 239
333 347
41 74
166 449
54 71
306 428
124 401
409 487
335 413
136 484
299 375
206 445
83 248
190 252
370 500
51 156
169 474
52 59
163 321
325 395
30 194
301 330
162 447
5 462
207 446
142 397
284 482
142 227
4 473
82 417
137 493
255 425
278 451
318 370
282 287
429 443
355 480
88 220
69 159
223 466
108 138
125 463
228 329
400 409
63 226
95 260
104 295
297 484
10 56
242 493
306 450
258 278
349 406
11 304
75 422
401 450
165 312
90 219
261 476
71 179
158 334
192 447
284 455
7 317
58 328
89 344
63 397
397 416
88 260
299 346
246 427
208 220
175 423
193 341
156 297
333 345
168 385
483 487
187 472
51 222
327 443
41 188
59 141
89 277
49 274
410 475
318 417
331 334
80 274
185 349
468 494
241 461
66 113
42 43
13 51
86 103
15 210
165 345
313 388
276 353
10 199
341 390
349 360
63 162
251 263
102 416
327 411
118 311
153 189
122 236
152 172
113 372
93 97
3 367
146 180
23 223
97 235
67 367
122 174
28 307
144 152
251 421
53 119
155 282
448 492
105 173
235 399
76 361
435 492
71 500
201 394
335 484
16 289
331 503
141 383
46 390
25 264
247 323
291 335
42 287
120 443
26 418
129 171
286 441
187 486
131 266
85 499
260 440
46 460
178 336
0 462
20 323
324 468
417 496
32 207
209 332
223 229
164 272
113 223
128 189
67 317
108 458
124 316
3 375
40 416
168 466
436 491
460 463
262 424
17 172
299 408
181 352
460 490
449 473
320 432
35 312
285 410
55 303
153 469
47 139
183 210
28 40
157 269
366 444
388 404
19 304
19 456
46 473
345 492
16 310
423 450
276 331
91 291
277 467
260 283
469 500
265 304
6 268
39 281
426 444
140 455
10 92
38 245
178 263
242 472
187 441
332 354
284 430
97 249
320 326
133 154
202 327
380 492
430 467
36 273
120 465
197 202
40 163
89 325
67 274
15 224
121 341
42 254
59 295
390 400
53 371
118 305
50 237
248 304
68 390
182 498
80 376
349 387
456 473
37 115
37 248
269 325
80 116
65 233
370 457
351 394
96 252
380 501
100 186
264 474
15 318
453 484
45 161
143 160
4 431
136 231
179 195
135 215
204 485
421 492
92 159
377 481
243 303
128 162
110 492
398 420
214 446
58 421
59 87
40 44
49 82
307 348
172 455
84 246
128 333
176 496
200 473
111 276
100 146
423 470
84 378
155 454
124 392
164 203
98 333
171 498
200 306
7 250
140 340
76 122
10 355
280 315
40 200
14 384
39 312
18 318
260 398
130 409
357 426
80 453
100 443
43 106
102 488
168 222
102 249
67 368
145 321
25 158
75 380
141 228
116 238
101 277
270 313
262 375
62 281
98 476
113 449
151 250
208 240
20 240
235 399
156 306
4 467
308 400
192 219
42 120
112 502
64 473
341 404
36 342
165 415
37 480
84 204
165 476
73 352
261 286
120 356
209 246
60 288
229 250
329 354
152 417
297 333
105 385
242 279
78 190
61 245
108 477
18 50
102 467
353 486
116 480
12 303
183 203
83 393
256 300
102 384
148 441
363 451
82 222
421 470
339 359
75 192
79 388
230 354
34 356
56 381
170 338
124 325
370 386
314 342
196 211
99 402
135 449
8 283
129 381
42 345
85 475
33 409
40 78
263 269
14 86
104 261
17 386
420 479
429 480
11 11
32 70
28 389
91 456
28 242
271 313
263 482
328 473
118 127
38 156
143 372
101 213
95 298
207 497
197 201
328 367
378 440
273 459
245 396
430 484
141 208
34 480
102 173
360 364
66 429
222 260
83 286
69 73
107 194
112 114
13 39
46 338
231 332
361 368
315 349
305 436
163 254
9 344
107 469
120 220
329 481
262 329
5 174
152 439
138 401
159 258
55 386
178 282
123 164
249 465
33 467
78 200
156 293
129 290
46 498
275 280
383 446
100 133
216 469
304 424
14 277
55 208
34 347
221 281
139 325
75 114
191 208
258 422
294 463
30 128
191 417
175 228
222 418
243 464
297 425
180 272
25 230
15 440
188 258
41 377
220 467
325 378
206 369
68 361
53 265
186 345
140 351
216 358
467 487
15 329
378 501
214 434
36 453
166 438
326 346
165 382
255 294
41 386
358 421
198 399
244 461
178 498
110 495
352 431
176 455
54 465
131 257
157 171
164 324
362 394
4 168
14 47
39 88
114 459
315 331
51 463
153 438
203 365
149 490
301 432
8 166
113 414
280 491
89 413
249 346
342 479
139 457
370 467
122 383
188 351
159 313
112 139
27 257
170 367
204 442
13 123
76 198
24 285
286 339
100 106
139 200
130 480
337 348
310 388
