2228
689290 42934 6527213
791045 3938 8517629
365160 2686 1000000007
488434 28243 2698045
442766 99468 8581550
523740 46062 9881071
276293 66170 6268152
477045 63310 1000000007
541530 26497 2803140
184807 22812 5836984
776699 65665 847574
752461 31106 1199498
97879 66667 1000000007
447007 32206 4548641
608014 27503 9517876
990268 66348 7345200
168492 25944 1000000007
885415 15574 1000000007
115507 7068 1000000007
193050 81271 1000000007
709543 53825 3084747
849049 26414 1000000007
228658 72503 1000000007
88287 95050 990651
988977 22492 8085202
693979 51904 7626400
842110 81061 6540185
757113 37968 7251126
359442 88056 7829922
881247 55154 6772451
850659 99978 4360241
966951 13606 1000000007
608244 56089 1000000007
576600 72834 1816213
899293 26254 1000000007
118036 48095 5073789
881861 5568 7123142
604047 81625 1840939
806041 22794 1000000007
342880 6714 742361
738128 52089 5544301
193302 94155 1492256
551046 20913 735229
542982 41149 1000000007
386074 30709 7007020
255683 82921 1000000007
387881 32729 1000000007
369176 60680 7848037
25962 18592 7852022
994414 36112 1000000007
323866 80759 5141473
924646 68328 5222423
601918 36612 2798578
6651 68148 4445529
278809 72406 8239111
523495 7807 5159702
750629 35020 1000000007
954848 13772 1000000007
416309 84042 1359942
884251 68321 1021028
656526 75480 1000000007
667335 17496 3648076
654410 29903 1000000007
75373 34388 3265648
209998 93813 3075133
513220 864 1000000007
304785 12975 4369186
112786 73170 8043382
345641 67051 8482236
401589 22361 1000000007
936545 98388 1000000007
250362 43202 903622
598774 27602 2095395
305540 51415 7456207
770249 86309 1000000007
923655 54441 1684541
99704 19802 1000000007
292577 69512 1000000007
955508 94215 782601
103896 47802 7362363
985321 95898 5635600
759771 74831 4191515
391093 32777 283784
987566 67839 7948322
331067 1385 1000000007
193613 90531 1000000007
202954 11505 9470471
934701 45217 707957
579322 19818 4813222
840740 34477 16257
25415 10507 6097870
108230 84875 645125
197968 47230 5250917
35864 96276 8121587
401564 44175 1000000007
317000 34407 4561779
310602 93884 315795
48531 45585 1688480
530211 77734 424502
977054 49812 1000000007
344583 66263 7185939
449691 54167 5500961
396411 63425 1000000007
131293 94367 9038660
772657 92807 3554134
620594 95687 1306003
772967 32743 1000000007
830646 99748 1000000007
717835 21302 3619071
970754 27294 1000000007
625319 44951 7926363
855778 98960 4740022
768563 69932 3886982
652636 80917 5496164
255078 80094 1000000007
159658 2173 5032574
655312 58658 9033326
796497 55230 6322897
335680 42379 5166424
650171 68573 1000000007
223543 94730 1000000007
562954 12604 6038824
178930 80429 1734758
553645 88512 1000000007
607680 52502 2424569
480439 48092 1000000007
470096 31399 3191717
715261 51490 1000000007
301567 89651 1142503
658671 36844 1000000007
896896 83796 1000000007
351193 42248 1000000007
93472 66447 4019477
813585 87542 5695550
324088 62442 2238171
59480 89236 9546866
828354 61239 9730988
318561 36200 1000000007
171348 34968 2263901
588145 65905 686937
273406 17732 1954925
520943 40670 4863002
286888 80710 9545080
847807 9750 264982
74797 91146 4893865
939997 50401 1000000007
147044 97031 1427457
42455 65690 3450952
442521 5588 3691556
353101 51670 4088473
107824 10908 1000000007
774633 83892 8408199
918998 46271 1000000007
318917 47607 7123820
966279 98131 436174
859739 39262 1000000007
759110 98568 2654683
919634 13043 907892
403220 96180 1000000007
649144 3431 1000000007
543115 59003 1000000007
387317 19081 9163248
590371 52112 5922629
241079 70721 1000000007
64351 38433 1000000007
277029 97408 4286759
939644 81499 1000000007
26807 97796 1537294
359732 65492 7489228
478662 44536 1901379
679298 17720 2367789
868938 97746 1000000007
657367 42654 1000000007
29179 893 1000000007
490137 18701 1000000007
432097 50027 1000000007
835186 70410 1000000007
463206 13850 1000000007
235390 3137 1000000007
113478 24023 7837741
815582 40502 1000000007
57846 12843 1367358
889340 41218 7381978
242449 34821 7017206
24275 71606 8115479
910363 27452 1299889
8880 76700 6900565
197499 20503 1000000007
812556 40874 1597600
965518 49354 835364
747104 1464 9491312
766098 9649 6725019
518750 38590 5679373
787647 8204 9627689
203381 47783 487313
892041 56565 4486838
341815 41778 1000000007
503378 69867 7895002
877428 76776 1189314
255123 99162 1000000007
123661 83794 1000000007
632035 35715 1000000007
597757 74701 1000000007
763906 20227 1000000007
856344 75125 319571
816162 44884 1000000007
19699 11791 2229185
262667 48103 7402376
238944 90228 1083974
52412 87215 1000000007
279961 41914 1000000007
312905 97426 7919233
173844 52338 4423856
822276 64622 5945897
954156 61479 1000000007
455851 56087 3934000
111449 67061 1000000007
300829 23490 7978314
25100 71361 9882800
740330 42410 1000000007
206760 39583 8801400
422973 20994 1000000007
529418 43760 5456308
258196 53096 1000000007
487997 9805 9890609
804905 71057 6264210
620695 88506 5786395
84533 37149 794931
60473 11239 1000000007
231019 84542 1000000007
809084 82413 3251018
491344 84887 5656753
813530 34588 1000000007
190646 65428 1307808
240603 93785 1000000007
709102 62478 6385184
857777 46386 1911194
428049 46365 1000000007
294297 38430 1049706
416336 78281 3216079
830082 73273 1366457
327967 31771 1000000007
87377 51998 671698
993468 73102 1820990
43600 56401 1000000007
855545 92443 1000000007
328014 34074 2134765
124529 67398 1178574
588077 85624 5433311
268019 53845 1000000007
424750 31027 2136518
434777 26313 3940955
898157 52668 1000000007
130630 99396 4275625
948950 97994 9690518
696428 18158 1000000007
917406 98364 1329541
934644 44178 3364291
222408 33487 1000000007
824409 39339 1000000007
503632 23058 6872006
901987 14457 1000000007
302219 5110 3844218
95088 8024 1000000007
430178 36739 1000000007
753887 29724 2435962
985813 21067 1000000007
281792 18779 84371
663189 18513 9874016
146198 32441 6936650
343029 93684 3449019
686946 17449 1000000007
553521 62929 1000000007
483572 43387 5532359
981287 18243 844537
2270 63606 9301195
390974 56013 1000000007
227830 32472 8017172
668216 53636 5894534
744015 61391 1952056
636725 883 5863011
14066 33903 1295541
222911 49910 6227437
600107 5539 1543501
39516 38639 2587443
15376 58155 862012
521506 38615 8858365
787729 29629 1419014
40619 59599 1418911
629677 57251 3598241
329876 30536 4205885
287393 67206 5901068
644154 67706 5528534
218755 79886 963078
43522 76075 6198543
763093 60897 5214814
840566 43927 3365834
881876 81054 1000000007
77859 11133 6128241
262760 92711 2803442
198742 72844 2781006
271114 53837 1000000007
904294 35040 1230623
643264 35270 1000000007
344932 7960 3877247
159602 46371 2402337
33527 24583 8371703
964325 78155 1000000007
485187 42501 2938563
181677 75552 5925931
942304 73417 350150
774549 84300 3494446
49335 97146 189485
799874 71789 8101388
15058 42906 5745645
405595 16750 1000000007
50264 11684 6907017
734797 26214 8250938
742727 50638 900962
892154 41712 2014455
879539 50449 1000000007
445198 26811 1000000007
34805 58245 1000000007
419779 77249 8033851
778414 63041 1000000007
15305 1882 1000000007
670565 42004 1000000007
629007 85200 1000000007
333532 36255 4348892
314952 98515 8078612
357717 70010 1000000007
542749 5932 1468788
415237 5448 1421684
632332 35534 2335658
332510 87931 2896773
2037 2996 4266869
228347 7509 614031
304154 41784 1496675
769091 44166 198288
42762 35288 115914
41567 46301 1000000007
195630 53003 5253428
359998 90089 4285616
723154 99450 8382690
187434 60080 3918325
717414 12541 5809418
421048 41094 1000000007
802208 4153 2202539
941946 37029 1830550
747385 64115 4887081
859530 45023 9555646
530904 31955 1000000007
141274 57731 8465847
74777 72094 9647351
907036 96315 233478
356180 87838 1000000007
703144 32434 1121345
54364 12968 7258261
156077 77611 714854
888403 64721 1000000007
193081 60030 1000000007
151958 18531 1000000007
111240 94597 3144411
926743 64991 6970823
60460 85351 8550070
982558 28010 230770
218246 83003 1695798
552702 69408 3017503
718144 1245 1000000007
554841 28325 2261131
269733 68802 1000000007
311065 51829 2234353
136576 88319 6392415
708926 4939 3195214
360140 53822 4893224
303353 26658 2857701
112621 7570 1000000007
284065 35746 1000000007
738304 11337 9185179
53240 43137 4876332
156889 65483 639893
157767 59415 3572032
172079 54161 7980343
407679 17849 6644676
178616 56335 5864097
50912 50513 8203797
935477 47203 1000000007
643345 88024 4404037
51965 52025 6699252
192580 34200 1000000007
557717 66750 1000000007
997223 9543 1000000007
13333 80169 1000000007
257065 20294 3089055
415719 94791 138940
109218 90572 2866112
81255 80854 3780493
138235 42656 1000000007
674520 842 8159295
28919 67058 1000000007
336637 48369 4863708
673032 13513 5866289
258034 83258 1000000007
613191 63544 2217388
220023 32196 9923418
849899 8011 1343539
374229 51386 5817357
844378 96720 6343115
796651 96339 1000000007
374426 66672 1000000007
841983 44475 5683280
469730 39968 3007637
475927 68481 6225826
866985 25513 1000000007
299413 766 1182329
912117 71149 4282412
407460 25077 1000000007
965485 61559 1000000007
119657 56815 5228372
638849 483 1000000007
710730 63415 5949888
319512 84296 1000000007
177699 51555 632466
729022 35819 8014868
226511 20907 1971106
497786 12337 1572930
820028 11482 8080088
964626 1077 7942248
139372 38729 1000000007
768271 64793 6395027
327634 80743 7265653
406953 67897 8285664
344500 62511 1000000007
184657 72116 9361708
889340 34479 9572826
230519 66748 1000000007
354848 18233 1000000007
259776 32187 1000000007
524738 64185 1000000007
62873 57033 1000000007
990472 90873 1000000007
304920 61945 1000000007
77677 40016 1000000007
24753 35768 5446743
927198 14543 5258576
575787 20243 1000000007
379092 63129 5272041
853177 37638 6643951
590608 175 6611212
604635 38748 4466236
384112 68880 1000000007
383666 6984 1560763
23059 32624 6458486
193088 77094 8690980
947126 34063 1000000007
471860 63298 1000000007
160952 81774 9442628
588446 73290 1000000007
284130 27096 273606
1231 54345 9456653
841909 35414 1000000007
521949 85898 1000000007
37898 46853 577141
402149 70293 8478932
526505 78026 7150093
804681 88793 9651979
133122 31214 1000000007
632426 56315 8023373
100377 68746 1000000007
981685 3030 1616048
13164 17010 9007328
495465 81757 8335542
412710 52629 1000000007
354186 4919 1000000007
530050 1842 4727448
63724 45154 1000000007
657555 17861 9418987
254159 70204 6896882
603965 2616 2717511
10761 23635 7499401
211852 19091 9966096
572644 4363 1000000007
766565 91216 1000000007
348777 33919 5609354
912694 79610 1170920
313477 39580 630946
633115 45359 1449642
719059 95726 1000000007
124233 30747 9239809
227540 23292 9947193
482770 84759 1000000007
363775 22755 1000000007
95297 35139 7596162
90667 22812 8412705
306584 91157 1000000007
475186 35962 6388143
680334 70333 5690381
906881 57658 7005313
733890 16922 1000000007
964633 97146 4902132
416953 38074 1954290
358762 80764 5398930
715618 84353 5797567
532158 80646 1000000007
40085 47394 8522926
77749 36931 6557110
192812 77010 1000000007
980743 87366 5495657
945883 1566 1000000007
249266 8679 4051733
703646 89503 1000000007
153938 67099 9294212
538404 40257 6391066
914973 32030 1000000007
805969 31514 1000000007
4704 84264 8187619
62497 36385 1000000007
410811 6120 1000000007
299469 8767 1000000007
129180 8752 8189817
521083 55614 1000000007
540213 45363 8263211
311994 4627 1425243
999513 52797 7120635
376453 39918 8169205
852132 75632 1000000007
418567 56432 275025
279675 80118 1000000007
215186 38631 1000000007
231999 81038 1000000007
604562 41937 8798313
836720 17283 1000000007
155378 21786 1000000007
230628 52304 8806208
368119 50063 1000000007
562870 82150 3955553
131075 91385 4175030
923411 37030 5648522
887737 22985 3355248
201753 22018 9696446
777256 96702 2275155
940435 65375 2650015
135135 35229 1000000007
818491 87802 1000000007
904688 7797 1000000007
134331 42691 3460160
614001 58725 9729365
946554 16422 5041720
561312 58623 7248423
533277 40733 5671861
608774 48447 8427967
859216 83116 7254698
762025 35802 2544896
554326 31574 9462315
926478 11517 5664050
637298 5881 1000000007
518392 20468 2468495
324654 47721 6583428
709970 93455 8226212
961338 91452 1000000007
890376 39746 8205298
916115 12612 2781929
624109 54888 1000000007
116784 35989 5902334
416747 11055 9292898
789071 48677 8938954
84938 89556 90670
636459 86431 6932604
43150 12029 5804292
253033 59454 3654263
267052 26396 1000000007
764868 91967 4339923
145012 3488 3965010
891785 83850 336022
575763 15882 6580516
255474 33615 1000000007
562672 85096 2503555
653385 48839 1000000007
136158 43038 5173513
498038 20460 1000000007
400039 68829 9153268
802175 85034 8169679
109517 67322 546463
108845 47467 5508666
223769 30005 9756820
511939 10554 6004553
821856 36841 1000000007
190201 47618 1000000007
300796 30191 5428094
258278 65696 1000000007
898532 5368 5857905
637212 72926 6150995
62859 48976 1000000007
799895 35697 1311806
625521 56495 7618476
418574 58413 1000000007
616724 63400 1000000007
434367 28342 1671571
708180 99819 5281675
158968 39954 1000000007
570114 91878 1000000007
331340 30415 4921054
498985 36420 5781380
269583 81890 6822540
750371 95362 7943480
67241 56458 1000000007
124806 68890 1000000007
552286 98525 904132
690746 86423 1000000007
664775 12432 8768789
160786 75144 1000000007
594063 1886 6493550
307871 95545 1000000007
600017 62782 2772003
765360 14473 9890135
250564 50097 2503369
153215 68153 5525464
927465 1966 9276617
811349 78633 2466293
972685 77751 1000000007
387040 96437 1000000007
489928 11949 283559
313769 75542 1000000007
878181 23768 2415163
600109 55768 9433910
340554 72051 1000000007
109274 37899 1000000007
566343 76623 1000000007
835030 48518 6922536
75142 63471 7786830
765004 13731 3687724
935145 17381 5144592
964168 80425 7596280
730491 38630 1000000007
861663 71262 1000000007
851075 88580 1000000007
557412 93261 1000000007
665612 92134 8875203
400683 88434 5935368
451429 93190 328783
77646 67431 8175084
539175 37845 1000000007
169486 11292 3198859
101700 79244 1000000007
805709 63272 1000000007
363057 4392 2745667
741165 61191 4823427
387288 58846 2090531
602738 70301 6925028
599451 89207 1000000007
106515 91352 8579278
374991 76967 6650558
840769 9506 3047321
778626 27907 3749750
547058 44857 904481
928209 85064 1000000007
347360 48547 4549917
115078 25907 1000000007
72014 42289 7340521
886827 25071 7433210
710850 55408 1000000007
867466 29951 1859069
906352 97960 7233586
526106 12910 1000000007
420833 18233 1000000007
117288 86242 1000000007
469918 91952 1927721
998469 11943 7818579
131668 94106 5751035
401413 60950 9572343
561670 22021 1000000007
682152 60840 9799889
478599 83663 9661146
430178 45872 889958
794149 9575 217514
334010 78141 1000000007
709102 14316 1000000007
116185 51908 6222282
759799 84318 1000000007
46160 98601 7794683
307085 13227 1559861
961679 27485 1000000007
464632 64240 1000000007
844785 3913 7912117
216944 27753 8915892
405239 31749 4456121
580176 85469 9440893
383656 86984 1000000007
797573 59945 1588045
636635 44016 1000000007
256977 68992 1706042
428455 13520 528873
194340 88187 1000000007
311893 31224 1000000007
666708 89067 3043272
185259 5894 1000000007
485809 3668 1000000007
282881 76642 5533673
285082 95228 1000000007
289835 55360 4914473
472051 85474 5823170
755423 81215 9366578
884410 74437 222461
599549 31921 5321610
42114 63091 5623399
348520 66423 7957438
391256 48391 1000000007
724455 30700 9132987
710320 66122 2580198
821151 84092 228246
431200 48058 1094882
315747 16994 1000000007
658899 68255 4596792
392135 2512 7267720
208801 68529 5626802
542741 64914 1000000007
228035 89992 9974011
288207 56967 1604233
166527 51349 1000000007
930184 99410 9465366
431922 39126 2493751
305067 22922 1945177
44595 11518 9048352
276700 47299 1000000007
988347 5198 9637797
19315 49809 382145
8091 53771 3788214
43973 14043 2877870
69781 41189 8678634
480371 14460 1000000007
204422 45625 1888781
618891 33074 1000000007
182904 13120 5274066
642484 57015 1000000007
382042 87569 1000000007
749061 12422 9640127
628557 47482 5468583
768632 61609 1000000007
310778 32973 1000000007
568178 86263 1000000007
271962 80445 7997736
870721 14933 1000000007
395493 55120 2449250
12830 66836 2073694
255300 24938 1000000007
903271 595 3472728
508865 25434 9828221
159145 42888 1000000007
288560 91936 2740489
288363 90405 1000000007
60556 43941 1092619
493460 7326 1000000007
677372 85224 1000000007
398552 81080 7379336
922910 17466 8874559
715419 34079 5237314
210020 3320 8859852
62715 8878 1000000007
365338 84206 9368391
964299 88862 1000000007
905428 70659 9030846
885602 30230 3600792
633844 74774 1000000007
813936 2224 9608807
38497 50908 7466686
118536 36281 4469446
984184 87470 5326254
261578 58246 6829831
594607 66335 9895979
58495 3405 1000000007
860728 50274 7107940
186787 26539 1849498
749599 72084 4750941
263221 39745 1371325
379620 9807 1000000007
536576 74087 1000000007
598052 52583 5535397
291463 99233 1000000007
148974 49801 1000000007
172323 49546 1000000007
431374 11059 5856614
726974 98534 1000000007
399038 34738 2086941
356252 92261 1000000007
140096 46323 5668026
673884 537 3856678
508507 17996 4235907
96682 47083 906552
943619 13678 8400498
58533 2792 9466182
361990 50717 5199180
842950 84174 9769
255332 10832 5734410
122128 62742 1000000007
663525 23006 5599052
231692 82483 1000000007
550047 74129 1000000007
660514 51898 1000000007
2364 15750 1000000007
589245 23570 8896815
313388 84160 3234658
131980 91983 5526194
899619 74354 1182955
898011 94355 4174678
754589 72771 1000000007
23747 81592 7533819
933131 21249 7588311
306219 17823 7215163
542148 24380 1246353
240 7918 8031985
699529 37073 1331863
891276 12018 3525019
377234 85036 1000000007
143425 8549 7185125
495060 70411 7508
362483 28967 1189674
161110 58248 7199119
102594 76607 4298085
274304 64807 1000000007
568650 4919 6036840
62930 15125 1000000007
52628 63434 1000000007
990605 38743 4472183
610875 39163 1000000007
933249 31150 1000000007
737552 24311 1000000007
539047 92099 8401977
772000 65310 6593920
31880 44624 1000000007
115725 20938 8210428
161049 21363 9739550
806117 59176 616839
993588 18307 1000000007
803532 2936 1000000007
485777 83136 1000000007
546129 4209 1114159
851752 9420 1000000007
499584 64691 6807293
967998 76332 1000000007
697686 40870 1000000007
225829 35803 1000000007
12867 60034 697006
160134 38336 1000000007
793957 2875 7893166
510866 97256 1000000007
724073 63953 5953473
671141 69690 9328411
334529 91164 7162017
11126 90434 8608934
851183 49531 5227048
282205 86337 7192367
744841 36557 506976
475860 95828 6629509
565157 59012 6726813
655175 61260 9151459
841602 7482 7613363
628916 20205 1000000007
4058 71298 1000000007
20242 28347 1000000007
868814 9083 8471793
793643 48411 1000000007
373672 75120 9866192
70098 27742 3268133
380127 77244 1690356
167921 97014 3830906
185105 93400 9642030
3033 59048 1216174
57321 39724 86183
797741 80384 9405181
56851 36620 1474101
564494 39852 793513
128259 35455 4918542
928956 70513 1000000007
437839 63218 1000000007
276013 96268 4905499
830923 80003 8874039
87845 29917 838688
276259 69681 8284215
838734 89515 5553060
802659 66410 355446
774730 91283 8724064
912355 98048 8187723
962848 4995 3667191
56858 26851 1000000007
677355 77637 4071662
39303 17371 1000000007
400156 29817 1000000007
981563 44575 4585677
291463 92013 8181718
189236 29652 3582644
520520 6620 1000000007
858684 6596 5519698
179970 48282 1000000007
12639 86615 2322716
59383 97178 4941931
760235 25748 1000000007
82042 81446 2379698
489567 38849 9706902
443827 49106 1000000007
158293 61472 1000000007
72798 78528 1000000007
714336 87361 6622901
558390 17522 1972661
792537 9386 1000000007
638391 5875 389807
906436 41742 3493200
437236 46093 9108762
144280 56777 2497475
932891 44483 6169816
653696 46662 8831318
252998 90849 8857744
495115 58199 1000000007
374242 92673 1000000007
38671 12331 1000000007
857970 19179 4883266
939247 74686 1000000007
618663 95101 1000000007
598786 15800 1000000007
345893 73669 1000000007
337522 42927 1000000007
508194 30414 5139942
208909 4410 6589325
537872 31585 6529765
308441 42094 9217305
765834 19797 1000000007
655146 80985 1000000007
773936 10921 1000000007
176745 74880 1271242
149797 87512 7688558
323503 86965 1000000007
594217 45250 6917782
326640 26962 6426842
339295 94253 8310156
491808 14540 1000000007
598755 65156 1091528
74269 85976 1000000007
476931 50087 1000000007
783768 15475 1000000007
549995 53350 7467395
614632 33072 1000000007
84776 59063 1000000007
950696 48920 5276826
623716 38934 2593747
654862 17784 6801999
404364 83300 1000000007
245001 18303 8203750
130215 79038 7540300
614877 28938 3482063
363654 75018 7787874
334735 62019 1000000007
776182 94935 5920999
225379 14438 2380530
447967 1741 1000000007
155960 72794 3695976
488065 35481 9264680
240079 71769 5508280
695910 73438 4687994
434302 5629 1000000007
14849 53716 1000000007
264389 96023 1000000007
42460 42617 8085745
3269 69987 8040266
134895 35279 7908708
205305 52476 9254084
811953 3116 9174654
520101 52198 4990650
458711 24719 1000000007
583134 22332 8469885
215176 92298 5180283
225738 16919 1000000007
163185 85715 6509148
685102 47578 857990
494441 46969 5493033
204404 47833 5233090
484896 21083 4929999
542445 52071 4250973
929433 65899 1000000007
562100 61728 1000000007
964221 29280 1977865
996411 43454 7221142
472243 40467 2305849
494314 14354 8861506
233760 16090 1033519
118807 88480 9059180
819606 6593 1000000007
984783 11658 3494840
906470 95592 1000000007
910701 53363 8618806
479020 40428 8589117
235796 71312 1000000007
120989 57494 1000000007
820080 90811 3758311
485674 79683 5282705
73334 26471 4690799
959448 7595 7712886
797664 36867 7693923
629701 27586 4193381
606621 59616 1000000007
977675 83014 288720
128206 11678 992043
750499 38972 1000000007
744962 88870 1000000007
217062 42342 7241071
586702 2470 1000000007
397930 23924 1149005
263606 88480 4052726
431106 39408 1000000007
929695 74429 3985785
949432 45256 1000000007
572793 5246 2853034
454508 13105 1000000007
979500 48280 1337080
839238 70881 1000000007
368174 99072 6097107
824065 66206 7612959
954556 80492 1000000007
25083 53556 3286215
79790 153 1000000007
626572 56341 1000000007
61909 10329 2592435
596188 63753 2584644
47894 69442 9477630
126814 75180 1000000007
887471 49995 2097214
702274 71880 4982742
884467 42739 348840
572489 19799 2743957
382706 16593 1000000007
522188 92153 4109401
507407 36069 1000000007
325776 20508 7027255
824926 91942 5995946
514852 84678 9871085
954103 29720 1509360
551461 2538 1000000007
842681 78601 1406761
715494 59585 6478010
897556 24151 4810444
488207 29630 2065225
170929 47513 4899827
653595 86199 1000000007
167779 75790 1000000007
978983 35457 7792390
248679 38394 7926643
896803 72063 9449158
956645 2223 8014979
702687 93597 477359
741497 16222 1000000007
360789 97504 2736226
21633 40502 9329564
340733 42152 8980206
971902 83759 1000000007
310908 91235 1000000007
823443 50473 2727558
24914 77911 1000000007
223240 51206 6356462
913368 15826 1000000007
622045 45258 6658808
519494 13687 1802403
644001 5526 8827836
220313 7739 4229145
187547 32438 7022182
518817 25064 1000000007
879867 18789 1923975
16671 31452 6257040
465350 59873 5935983
390890 51957 1000000007
630664 33498 1000000007
555908 50098 1000000007
94237 11086 6174455
726899 40376 4294772
301846 25184 312962
900366 41110 3148326
550502 8525 1925185
690007 92679 5845528
221930 44543 9298215
870714 94694 1000000007
852074 75367 1000000007
499782 65513 8693345
427590 42367 1000000007
249891 28545 6779962
577772 71473 2994083
458293 43853 670567
290951 73008 2925208
419346 65392 1000000007
11088 75037 4632786
149159 40673 8592374
456240 66119 2309406
473434 46920 8158281
435553 36755 4715032
694212 92243 1000000007
411309 14069 7637517
670196 15289 1000000007
90809 2575 4970531
424655 37880 2923651
98871 16119 1000000007
484428 57077 546691
515132 95668 7683899
921156 78372 1000000007
92651 56558 6640275
617544 70822 8602239
783339 17107 6597488
197678 32770 1000000007
766376 48061 5965022
50718 37032 8307347
907324 9852 7403950
373430 52247 1000000007
460894 41949 2019202
190213 66621 1000000007
723581 40612 1000000007
738973 92067 1000000007
629835 8339 4003686
110296 13325 1567925
433349 51803 5268010
262225 79183 1000000007
106953 79697 4323248
882645 40702 5595818
382476 34118 9479038
415648 76305 8080150
596284 15169 4636310
798895 76655 3172206
984863 1540 8297799
906243 4488 2331958
291143 18218 4435484
604917 7660 1000000007
201948 76291 1071773
250406 70691 6215576
350814 65583 1000000007
78376 65090 7977848
406793 54942 1000000007
808344 8005 732723
234108 71488 977203
700797 29 2649814
223441 40170 3946214
521347 3419 7759181
572883 35195 828472
554972 90539 547099
195388 3001 1000000007
885178 27173 1000000007
283318 11333 1000000007
583703 80669 1000000007
688901 8956 5650446
185849 58055 781616
535469 63438 9369826
756523 61071 5255800
89112 2425 1000000007
857327 936 6408360
55276 1041 1000000007
496558 98773 3829857
751183 19154 3912521
342984 60704 1000000007
850851 56168 1000000007
736361 52634 1000000007
296979 7769 5332898
742396 29529 7590818
144859 30196 5007683
235610 29357 1000000007
95775 80227 1000000007
28240 83943 2796776
202283 98654 1000000007
135559 51067 5874637
547537 84160 1000000007
699042 6065 111971
956456 44235 1000000007
380922 15790 1000000007
860661 7471 6985874
313484 30415 1000000007
542844 29765 9542305
873317 10255 4937657
873228 6477 123276
270079 2217 1000000007
969669 48402 1000000007
544184 79444 9215762
389 38047 8016937
535482 82718 1000000007
199915 90953 1000000007
190241 94058 1431353
971459 55662 1000000007
909491 74457 1000000007
730563 63686 3950001
612299 42816 1212963
860956 17374 1000000007
175010 54061 1000000007
154204 41956 6522565
885864 2051 1000000007
453430 49429 7056394
282923 53586 1000000007
248371 5674 1000000007
639731 28498 1000000007
711960 37919 4684390
885097 4882 153147
542865 8013 4624333
96722 21172 5670638
169481 13679 1000000007
20310 6419 1000000007
610368 13892 5441332
876743 69550 1000000007
491134 72913 9289871
999284 38717 1000000007
37566 3545 6881455
857664 63317 8222670
430944 38996 4812136
702205 24394 1000000007
651178 18904 711979
926566 88705 1000000007
743469 10340 1594969
809434 39608 1000000007
861257 89293 320730
364697 92134 5134231
368665 75413 3837979
68459 56584 1000000007
57044 50790 3936347
572811 46532 1681788
400722 33735 3946721
479697 54371 1000000007
680358 19431 1000000007
589427 66099 5060618
790597 58892 5671323
422075 4277 3876420
685922 32132 6978887
370463 65692 6650931
735712 86780 5163215
334997 82949 191443
417113 18627 1000000007
436028 81524 8346103
385393 61873 1000000007
587468 91557 1000000007
452300 46046 1941078
279 21475 7632665
656119 86053 5867111
942387 26771 2633704
271692 31686 5554289
373907 15270 2512595
351687 48397 5129088
708619 37050 1000000007
123395 53174 9065229
941971 66541 1000000007
777203 83089 2586937
472925 1105 2160419
46439 86873 457221
138045 29528 1000000007
453368 25838 1683710
321818 9448 7105934
250300 98078 1000000007
343808 79802 9552818
840842 95625 7019230
567687 35242 1000000007
191643 67802 1000000007
549382 76953 1000000007
96085 57660 1000000007
16725 52035 1000000007
249207 63631 1000000007
235074 942 3538354
598914 7861 5060011
457747 97220 1000000007
958620 29889 7446249
292723 97790 8780000
105819 97763 1000000007
442292 68173 1000000007
542286 98609 7843067
634063 11763 6106976
380059 78520 1000000007
675312 83956 1000000007
645721 56948 1000000007
240966 80840 1000000007
543954 17483 1000000007
463628 2663 1000000007
444818 24995 6596213
113509 67428 4875968
206450 57462 3765999
684358 88669 3688236
661639 8047 1000000007
50491 59117 1000000007
619085 14192 6612700
10295 42056 8471206
226244 46562 1000000007
207439 46756 3477088
53675 43925 6523941
392006 3697 8045446
478132 56643 3578061
991218 17803 1509342
29538 28267 1000000007
11966 39611 4922011
729618 4471 176439
383776 93725 1000000007
394915 93143 7885161
595409 18177 1000000007
80854 22258 8682285
101128 62307 3104560
998563 64541 1000000007
482575 16277 1000000007
484544 9214 1000000007
581362 98635 7647572
273379 58624 1000000007
503771 62302 7127631
453603 69756 4764167
68956 37239 389331
311038 51567 6729711
261526 69107 1000000007
208714 15749 1000000007
13946 98640 7053368
401718 93647 2523239
239306 73461 9761314
523996 69491 1000000007
297949 53560 2149340
752843 71177 1000000007
557045 63721 1000000007
218507 80926 1000000007
848646 47735 5344510
502347 44848 1000000007
556261 50548 1000000007
958436 33410 8395582
664856 74719 907990
470373 58750 1000000007
3205 6470 5646212
115655 46007 5896615
816115 39260 1000000007
695219 41154 1000000007
960925 48287 1000000007
230156 39625 1000000007
790180 81597 1000000007
159008 32189 1000000007
232856 97511 4242151
473189 57793 1000000007
168605 5226 1000000007
979600 48870 7680992
909430 53333 7382926
100174 47503 1306933
181832 47604 2799581
819427 17037 6363041
885266 63438 1000000007
528653 92047 3113762
924221 71129 2062055
929494 75162 5526994
582197 85738 9050436
919176 41185 4244591
711357 95158 2902009
101576 93533 7459539
534642 79382 749760
62455 64221 1354155
146385 72352 6964873
388233 40495 1000000007
455979 45920 9381616
38452 80950 1025077
326558 64213 11059
211896 38486 8285059
312908 29497 994080
366068 2918 4435951
528650 18061 6895354
974957 38362 2053808
611231 68297 1000000007
649044 6024 9868327
578975 4003 9322647
726625 22161 937273
812843 47433 2945158
308620 11044 1000000007
346839 7814 1000000007
111052 36282 8647156
345070 43671 4694230
556844 25602 1000000007
72993 96250 153696
105420 91362 8867111
993705 15346 1000000007
679807 13452 7309044
594488 62923 1000000007
413657 42991 1000000007
413978 30937 4537053
16254 67235 3535920
147498 80594 3621985
281417 80754 1000000007
694633 87018 506176
710528 98232 8735084
187274 66811 760706
415189 77494 7317952
303801 11661 7783286
399418 24581 134707
414119 16419 1000000007
247765 11295 4526615
478364 51764 5944302
779012 49139 1000000007
373444 61613 9375668
935127 26559 6638323
839145 53606 1436271
475862 96863 231779
70532 50010 5188777
878419 30396 9477165
45716 20190 4896586
937687 23976 567690
15567 31064 1000000007
808952 50134 1000000007
177510 76479 2823541
919881 53615 3594511
922743 17594 64100
379315 10663 2897696
599453 17883 1000000007
809288 10002 8206549
989919 38433 6400619
990845 32493 1869126
339085 54407 6004801
966769 90271 2707305
853941 61387 1000000007
474035 70630 1000000007
67588 48734 1000000007
48770 77587 8852583
553965 85484 1000000007
661894 52297 193869
597430 43031 7301559
293073 49797 1000000007
856776 35276 1000000007
124305 74989 6700362
826928 95292 8934618
277654 21107 5676098
432880 69235 3412612
696410 9386 1000000007
199572 22319 1000000007
312663 32703 362241
444808 99341 2632556
137122 9020 1000000007
206160 76824 1000000007
543520 53957 1000000007
695769 81059 9910271
705181 54611 1000000007
333682 6953 1000000007
440308 43283 7145406
525650 50003 6871153
939684 71071 1000000007
273080 6090 8650007
490915 91437 6598889
341352 18471 1000000007
416875 21066 6807821
977383 37807 3152027
73388 46226 815532
407457 50348 1000000007
654691 77517 7570233
943229 69205 1000000007
131439 58900 3332815
338078 50614 887305
101002 27733 389244
22227 95719 6808433
739024 83808 9956010
43710 4309 881277
886493 78388 8738604
706649 56933 1000000007
355850 87685 1000000007
522683 46090 1612072
471956 65428 1000000007
200263 34128 2810344
958036 71265 921939
520014 10780 1000000007
22062 92121 9843223
646803 41649 1000000007
800003 73583 1292563
649909 78960 1000000007
296826 26087 1000000007
407489 46460 1742748
174839 18212 4109671
671676 46017 9830949
314841 36009 225270
130591 17860 5280644
326329 77301 5334013
964047 24567 314837
162981 38848 1000000007
872689 97494 1342510
430671 40086 3537124
596881 27665 7066518
816701 55787 1000000007
397693 36339 6095580
787956 89528 1000000007
199100 46887 4727835
78744 76938 9322686
360676 85801 4642885
547540 2876 1000000007
716466 15044 1000000007
68461 33988 1000000007
423535 9371 1000000007
483710 38129 1000000007
317856 25683 8150300
40486 55881 1000000007
6800 62923 1105165
546862 70305 2496000
196455 78032 1000000007
154203 18383 580884
135104 11233 4332231
431969 25156 1000000007
827996 86545 1000000007
130840 41563 4121683
990959 88533 8128931
84483 98292 7417974
182576 28473 1000000007
787201 16773 4773478
2223 36653 6710275
7209 68645 2766573
191061 73747 3757083
174300 20683 523969
389500 13654 3016327
449844 32358 9263224
495354 88150 6378609
136196 96583 1000000007
391292 48532 1000000007
568420 44786 9559590
116022 13360 6071931
13013 8622 4706789
162001 2711 6723736
221212 13491 296861
603148 83921 911458
686026 52465 7634919
814631 30574 6332098
30776 10217 1000000007
586869 13480 1000000007
319906 82985 1000000007
503863 30210 5850805
941334 54051 1000000007
9963 30184 6290233
139878 88189 1000000007
253317 70363 11665
709227 93881 1000000007
883642 97662 1000000007
340450 13524 7256510
757686 22110 1000000007
394490 63088 8315538
795106 64720 1000000007
894406 20164 8786858
535981 52927 1000000007
639586 39145 1000000007
642312 75706 5087042
525144 85506 585640
229062 64944 1000000007
317127 81027 1000000007
969104 78248 7211783
786576 41552 1000000007
221939 53871 1000000007
851251 79895 1000000007
467509 51282 8267123
124558 8578 1000000007
417466 8412 2909946
820715 73401 9753734
240803 10587 4253797
467265 7623 1000000007
106134 30051 147128
570710 32658 1000000007
777812 74835 1000000007
771674 75340 1000000007
827669 20060 3267882
735414 55025 2077526
965924 64140 1309685
619586 28233 8130592
122220 19362 9916812
953858 79649 3732055
264662 83098 1283873
949278 472 283166
400617 30425 1000000007
578322 24587 2512044
321919 84409 1000000007
917788 49350 1643707
824088 23009 5577900
342428 7833 1000000007
520894 11670 974545
164434 49155 5003342
397733 3412 3371841
772303 89017 5580313
240674 96873 5968540
659590 39318 6178899
616076 23151 1000000007
47574 47596 1691832
187007 5386 1183506
68024 49484 3963401
200167 85302 1384251
595789 32236 4867950
637102 58517 304368
698433 63343 22052
504734 25660 3089198
696009 3443 1712031
426732 112 1000000007
883024 79146 6134539
211333 70753 1000000007
444495 25830 4839684
474154 45408 9742253
235438 78891 3602133
979698 67499 8568809
553509 54394 194351
796491 62844 1000000007
340352 11109 9737935
548945 16395 1485014
599575 99615 5310831
823771 55772 1769696
631252 42755 425654
575696 17435 1000000007
783472 40018 1000000007
643722 30259 1000000007
790500 22386 1000000007
487569 70167 7075652
27440 72119 3256174
186792 37380 2443569
904083 46078 1000000007
47796 88580 3165344
999985 580 7917305
571526 21153 2750620
109347 77953 4332112
591802 57719 2719754
710663 26412 8246213
736187 81270 9473668
2192 95115 1000000007
980675 63341 3872751
693864 61357 1000000007
511009 30350 7243578
72696 75779 9494715
135965 69883 1000000007
782937 33617 4867176
179552 653 1709467
5962 54757 6845937
471238 59196 1000000007
711593 98430 1337391
524838 17040 5470445
781643 85806 722551
66992 29915 3646816
120656 54497 5411970
674387 43412 7578101
325238 52837 3105649
120098 63856 1000000007
343170 62097 8286591
352099 7696 3117680
11025 13625 1000000007
256732 20834 9237459
738533 53782 2837691
997331 24206 3833468
335283 76785 5329098
769819 72646 8474110
246173 64427 1000000007
122577 98986 3707060
693652 55949 7703439
276047 56383 1000000007
826572 89632 9038618
82096 83928 4518676
169348 24505 2302
728598 96350 5424363
358581 8485 3660233
907440 52883 3961741
194570 72825 1000000007
933370 41751 1000000007
540198 31406 1000000007
701177 59067 5161315
415229 59808 4079278
231947 14991 6570251
746952 59424 1000000007
461598 65891 1000000007
346955 60424 4067990
767289 44447 3942255
760789 10940 1000000007
903329 13260 6181537
164896 56517 1360464
129660 71759 1000000007
733184 8856 376525
866841 10920 1000000007
342489 79710 1000000007
665015 34678 5006281
701061 76507 6195016
991227 21943 6998111
874766 46575 1000000007
758247 64796 1000000007
461017 50587 1489184
189387 6315 1000000007
703324 40402 1000000007
48151 82575 1000000007
671004 47676 1000000007
286255 55272 1000000007
786759 88868 9444463
163448 45959 5650276
922124 52236 6306868
564457 3179 6369438
848577 47649 1000000007
244455 13632 9212625
170853 10315 1516795
129995 77823 1000000007
725034 509 4212199
33170 82745 5529286
179152 46194 1000000007
436450 97097 9865456
249413 15970 2515556
485193 94411 4690184
494390 34976 1014424
601766 86951 9966322
280382 388 1000000007
480824 79284 7917720
981831 41473 276203
741455 48345 1000000007
384462 24116 9245522
473218 3642 9261503
310753 41663 1460574
287228 81427 8201509
937883 16997 1000000007
646329 40566 8168268
967330 55029 1000000007
824930 16892 7041668
461508 84585 1000000007
935891 13191 1000000007
718380 24973 1000000007
368736 20028 7858212
160298 20143 9808218
525434 88848 3492628
249788 72261 1425977
534273 69255 9621128
626454 83333 5072375
612141 4898 1980803
458131 23486 1242781
441393 34306 4205842
955894 53760 6881536
65254 9019 1000000007
955283 5539 1000000007
864301 49597 1000000007
970214 96336 3619648
11348 1744 1433416
775301 3301 1000000007
148601 61131 5442450
936414 58765 2479996
568072 13900 4835953
699369 29641 5677992
899160 85465 4540271
207157 70019 3577421
95847 9228 1000000007
683829 68455 1000000007
691207 33792 3934165
770737 94102 1000000007
821213 30275 7468589
19056 57609 1000000007
967652 14322 1000000007
303869 43018 2900133
864312 92131 3847970
917974 9182 7903312
414398 3994 5893110
466091 24367 4524609
678967 3731 8583616
291200 63409 380411
644909 76881 748643
290837 2332 3710114
394050 41156 7721172
678955 64234 221629
119393 83624 1000000007
388804 90123 1000000007
623534 24389 1000000007
657936 94995 4470854
852504 753 5209614
122633 3562 64821
728051 94354 1644968
454916 30654 7094149
157029 73049 5374433
965674 48681 1000000007
303589 83892 349203
567453 85947 7793380
714211 90096 3741237
632535 73872 1000000007
626860 50469 3179094
591166 4071 9461772
287765 18694 1000000007
931288 73747 1000000007
509318 84077 6007385
5302 69238 1000000007
417832 35735 1000000007
371517 7984 1000000007
974856 62546 1000000007
812723 42205 6662750
713157 94211 1460310
56492 71767 5218844
801864 61332 5190248
364538 82685 8180475
191711 99513 4386937
860378 39794 8840020
577181 59392 441797
777677 42914 1000000007
552384 51207 4381985
493223 69027 5171534
946118 41131 1000000007
655005 16944 9151824
854847 90784 8657570
694701 66833 828078
100323 59636 134523
192431 95977 8064022
709988 75552 8793748
998898 44988 8578497
227302 86656 7891529
606605 78369 2545261
680991 67776 834883
348847 18707 6331978
738402 42255 1000000007
48461 37686 9300757
287908 96432 875967
474014 24245 5230147
176119 59925 3113247
390373 52974 6019012
267868 79326 811844
835865 57693 1000000007
625401 14038 1000000007
49429 18947 166270
642503 69024 1190446
587294 40306 6363253
265261 93650 5863803
568277 46434 1000000007
180630 55781 2284048
21774 81990 1000000007
374846 42207 1000000007
394731 46246 2883118
862541 65694 9586871
250566 85986 8522168
841311 20590 1000000007
738089 99818 4416232
639709 64155 6584209
562504 65984 7321312
570810 43031 2347060
401324 15452 6295569
662164 64170 8236450
603447 27999 1000000007
966850 19255 4910533
857428 84734 4382693
96070 49141 1000000007
491983 24698 1000000007
283697 61369 9335847
634715 7563 9055177
861364 44056 4336912
876448 58681 4891893
628837 60477 1000000007
764942 82408 1699274
166167 2565 3585081
656179 98714 6484114
75307 98201 8589271
290587 58239 1000000007
84712 50205 3619616
92013 34100 1000000007
225110 3677 1000000007
772820 83601 9298737
62234 83473 6476723
419370 28803 1000000007
995051 83344 8201758
504337 87911 1191536
731278 54805 1000000007
572646 35071 1000000007
293767 63122 4808687
262707 71228 935190
742083 10111 1000000007
236675 79230 1000000007
176810 24946 9641843
731371 8769 1000000007
211947 35053 1000000007
658189 33838 1000000007
115298 23559 9722842
597917 27382 7476816
130379 92589 4762622
934385 94406 5316654
654177 70917 9068804
300729 48925 1000000007
122124 33104 1326310
966739 58866 7223727
429049 95570 8252139
791291 7590 4713924
316924 38559 1000000007
5302 50052 5996804
569080 35289 1000000007
586514 430 4981459
6996 93219 6357886
700202 34133 4306719
605786 91968 4005230
52414 2813 2860248
553872 67755 5203500
616946 95474 4534412
362677 97553 1000000007
661008 45081 2903439
441786 736 3470317
185610 29998 3426925
416668 68646 1000000007
550726 64930 1000000007
370198 7892 1301574
282676 1599 1000000007
429744 83470 1000000007
512741 48352 455400
898229 57742 7336254
464026 68468 5612475
808830 81237 7011643
648244 58550 8435083
328628 79254 2785751
26418 34106 9266897
990934 77017 1000000007
880019 76590 1000000007
987259 76458 1000000007
3747 89327 9497084
134837 17360 8061404
877018 95354 1000000007
909215 86366 1820712
964719 94748 1000000007
687972 22336 4209790
194262 96427 3224634
966613 64657 1000000007
716518 51918 1000000007
322129 38253 2264468
156270 39878 1000000007
484751 67249 1000000007
17145 95557 4512154
858493 67640 4110592
228035 91689 1000000007
703905 65516 7150353
554211 8664 4418267
361909 68744 5307656
783079 81109 6623086
529241 51406 5097563
44944 73755 8184192
968176 40560 3581398
967952 93808 5813894
533959 39500 5446481
882052 89596 3635617
523641 61852 2615657
275942 68202 9149277
99506 72850 5269514
915822 62255 1000000007
517702 53042 7395882
666776 63464 8762798
793383 43822 5225826
368182 28544 9408674
505302 55802 1000000007
205791 24196 1000000007
607596 50682 1000000007
425925 5658 4650226
355684 92989 1000000007
166307 12367 7678125
6738 44520 1000000007
721066 93060 1000000007
551185 37519 7268439
751657 82989 1000000007
964604 22394 4066094
893327 69466 8246024
687063 21050 320381
2322 35696 6261479
31266 63886 5222549
444066 3200 3580754
907266 48328 1000000007
363173 7104 9363307
14690 20998 4717025
152454 62581 5057704
418155 76146 6315183
817483 50587 1000000007
197894 37130 8138052
59597 91555 1000000007
788671 34740 1000000007
397878 51788 2333965
907124 16208 5584234
164144 17968 4156690
461386 48806 8368721
915520 2821 8077456
248557 61488 1000000007
813726 51017 6884390
804698 37126 9589803
430156 12846 1208159
358907 76336 5158272
74907 17232 9682023
500896 19670 1000000007
231166 87527 6034187
865161 76357 5740580
919405 47264 4360167
370587 58939 1306282
454230 1295 6858474
616444 26839 5835773
452734 90109 5186778
173448 77488 7085059
359977 64968 1000000007
737409 12389 6596568
147415 85929 1000000007
824102 14155 1757544
485033 64434 7573547
7805 35219 1000000007
291354 45263 35428
721701 58581 5061615
256309 14610 2511932
788579 60020 1120964
903208 53912 1000000007
744808 42554 2190155
605636 572 1000000007
459813 1750 3419334
878929 21737 3228469
862500 35342 4585063
505899 88923 5062300
663127 97762 1000000007
8260 7817 1000000007
586068 182 8479003
253289 96361 1000000007
312568 33579 6839272
895873 22933 1000000007
461701 31242 1899040
377416 83347 1000000007
884256 41245 1000000007
649528 31006 1000000007
309544 60148 1000000007
503668 72939 4134277
642984 38016 1000000007
677600 93662 1000000007
658472 41630 1000000007
680993 68422 1093825
855147 53721 4453596
80722 23262 9470261
305343 86705 1000000007
363325 55910 3920511
609939 30291 3165770
494832 87097 2996160
938922 6099 2225752
855103 36508 1000000007
292766 59744 7052760
250483 70530 1000000007
68279 41088 4178836
973607 97436 2273799
995919 91637 1000000007
548767 71472 2918899
438319 40677 5793578
870546 37677 5592667
70973 15313 8109096
265104 15645 1694294
305640 23706 1000000007
772184 83211 1000000007
51151 24681 1000000007
50423 32633 1000000007
185173 79928 3357118
476619 35226 8922488
209875 57988 1000000007
985637 71779 1000000007
414578 33784 1000000007
929927 10650 1000000007
488407 6159 2902244
97667 63580 7873816
729015 24509 6537213
5131 17721 1000000007
117688 95156 8235076
998117 4427 1690007
995631 60196 7330940
654896 5883 1741972
363943 28519 6160980
977487 2061 1000000007
203592 76899 6915390
575029 38779 1000000007
740738 16465 1000000007
572070 23007 1000000007
689671 53752 780931
853117 3852 4491430
116626 15298 1317526
65960 26218 1000000007
93337 71616 8815430
286962 81388 5963571
91271 37959 1000000007
995254 42985 1000000007
929833 13881 1000000007
17051 34161 1000000007
876055 10325 1000000007
708025 4879 1000000007
988138 31545 8283481
5217 32299 7799276
106593 60270 842387
659107 26791 4863290
387505 16926 7135501
158292 34882 1000000007
59467 78727 5777076
704968 52686 1000000007
185861 73783 1000000007
387116 66668 1079593
64458 34507 9854263
265305 83168 1000000007
84844 87376 7122799
874200 10025 1000000007
154861 61024 4111372
54071 62854 5126787
509668 40733 783453
248261 9300 7110880
842434 85468 1000000007
396790 76121 1000000007
22519 51952 9469419
93871 77713 7364358
935353 94071 9571510
270572 47349 6630433
262581 31270 1000000007
270016 17990 9516162
811250 9282 9386282
407826 14002 5919551
890644 25598 1000000007
245321 45744 4999988
774744 61777 3827227
787552 46400 2120827
993475 13231 3672623
55526 42544 1000000007
417142 37893 2807179
846635 91544 1000000007
25771 47642 8803320
20035 32341 1903248
681205 98769 1000000007
612910 79964 6066465
145951 56134 4175190
130685 15418 1000000007
875405 48620 1360804
94550 25632 5551772
987487 34925 1000000007
336887 39658 1000000007
723191 93799 1332027
373891 31321 2771587
896759 74136 1000000007
323975 98474 1000000007
936809 5289 1230247
375920 59873 6105719
957151 58922 3358474
68489 86253 4366095
324463 46374 4230442
789605 91732 5643117
868455 1926 3213294
274898 48073 5744561
600785 80795 6571947
473269 90222 3422963
384491 68202 1176053
179074 72384 7456102
683981 79756 8108687
666575 32176 4731014
608532 39664 1000000007
395835 26968 1000000007
105765 67074 1000000007
642987 93059 1000000007
754463 58245 2186610
1598 74398 1000000007
402650 71480 7346008
748548 60554 1000000007
448998 17831 5873881
155088 22455 1776000
651802 17091 8951302
693085 88975 1398305
656834 2881 7608215
98590 52745 4516798
850223 81528 1787507
173509 7995 6046211
981394 95979 3477903
782046 88319 7022650
750671 32755 869049
233854 37121 1000000007
321087 20625 4244026
581580 30271 6871162
420370 55758 1000000007
764793 34513 9830740
151222 99878 1000000007
183092 69272 7750029
709220 67303 1000000007
406938 93173 988218
669589 18509 7230229
619320 57032 1000000007
987172 73865 1033141
550205 84425 9979261
303312 52365 2156112
377514 17263 2453536
221030 77840 6056615
186178 98269 1000000007
163956 58029 1000000007
491730 97151 5292624
576102 13093 1280759
986348 62256 2028620
875383 50678 852961
972038 94062 1126933
85747 56292 2338486
931928 23422 1000000007
709343 48431 18994
415575 62991 3486619
921013 71565 3862607
324966 71773 174786
503271 43061 1000000007
534435 64710 707042
232030 67221 7493883
241291 46429 3131258
482314 17677 6421044
364017 22405 9904603
2063 11436 1000000007
915083 34466 1000000007
790613 34135 3845898
194205 39486 3517317
702433 66292 1000000007
319492 18082 1000000007
689857 8311 1013388
333800 8214 6215090
725790 86218 6513339
733838 17749 7585346
207621 60196 82847
485168 73270 2270788
222286 93994 1000000007
928833 16757 1000000007
754816 35491 9360005
84377 37810 8510458
41032 64589 5691316
819848 40696 4685540
128592 29188 8656253
827526 80285 1000000007
70360 71041 1000000007
975862 28834 4427644
234881 23165 7579147
186983 15931 1000000007
479474 62751 1000000007
787951 99089 6810638
361258 46165 1000000007
484480 3419 1000000007
217793 24491 5553589
913406 84481 7260271
768590 19395 1000000007
297764 45258 1000000007
598404 2785 8483226
208275 8230 1000000007
296768 28012 1000000007
315166 47682 7151433
753571 94877 1000000007
61593 16182 1000000007
377210 28745 1000000007
296313 77421 1000000007
771353 62139 4863274
698526 4657 9030944
456023 50501 1000000007
192381 59395 373012
632871 11010 1289931
147595 2872 4672199
372471 24728 8369081
667283 53000 1000000007
640715 48570 1000000007
16877 85639 1000000007
642432 30767 5713487
866111 68420 2884886
536960 23372 1000000007
65040 63212 1000000007
104885 81240 6564557
163562 70813 2140644
643816 98848 2382940
937504 2388 7440692
674579 6926 9658052
949722 55975 1000000007
171904 27434 9449993
541558 70483 834314
276754 94268 1000000007
759937 34804 5059102
