68
9487 5914 7514170
9634 1284 6335006
8442 727 3621965
543 4480 2086412
6015 3871 4106968
8823 8093 7785325
4157 7661 9470805
751 9468 8404267
8474 3779 9443866
3223 4477 4941781
852 8962 8134758
6870 2388 507170
5354 4605 5278528
8917 7405 3105751
3545 8418 3314743
8863 3296 4624212
6964 2701 4385676
2460 1721 604529
4751 954 5771271
7687 5838 122700
6515 1955 6596142
9233 6132 5504371
3726 3665 7792657
7614 6766 5752447
698 1042 4454130
8905 4758 6529738
9829 1296 7938493
799 7706 5735030
9446 3187 452920
9936 3755 386756
9455 9506 9167254
9946 9904 3013722
6366 4039 6721742
1943 805 5366105
22 2851 9057585
309 9086 3069839
673 67 3802814
1994 4379 8779606
9704 5973 8671326
5593 1532 7137180
6333 2458 1959337
5935 3743 9558091
1261 700 3822459
9666 464 1868511
9025 4531 727486
6493 6097 6863983
4495 2151 1372375
3170 1093 8268975
5365 4485 8567691
9282 5800 6122451
2273 9809 518873
1296 6909 2518413
1724 6664 4127472
5461 6234 5580106
9225 2555 5688366
553 2086 3260148
8677 9303 8689122
1718 1353 6315511
4533 3695 3093471
630 1301 8758336
9615 8216 7053260
4296 2727 4053634
6395 7005 2663572
7746 8630 204293
3464 1059 2293460
9481 9531 1789437
3818 1816 224498
3432 2523 7014109
